number of tiles 27
0 0.666667, -0.333333, 0.000000
1 1.000000, -0.333333, 0.000000
2 1.333333, -0.333333, 0.000000
3 0.666667, 0.000000, 0.000000
4 1.000000, 0.000000, 0.000000
5 1.333333, 0.000000, 0.000000
6 0.666667, 0.333333, 0.000000
7 1.000000, 0.333333, 0.000000
8 1.333333, 0.333333, 0.000000
9 -1.333333, -0.333333, 0.000000
10 -1.000000, -0.333333, 0.000000
11 -0.666667, -0.333333, 0.000000
12 -1.333333, 0.000000, 0.000000
13 -1.000000, 0.000000, 0.000000
14 -0.666667, 0.000000, 0.000000
15 -1.333333, 0.333333, 0.000000
16 -1.000000, 0.333333, 0.000000
17 -0.666667, 0.333333, 0.000000
18 -0.333333, -0.333333, 0.010000
19 0.000000, -0.333333, 0.010000
20 0.333333, -0.333333, 0.010000
21 -0.333333, 0.000000, 0.010000
22 0.000000, 0.000000, 0.010000
23 0.333333, 0.000000, 0.010000
24 -0.333333, 0.333333, 0.010000
25 0.000000, 0.333333, 0.010000
26 0.333333, 0.333333, 0.010000
[22]
27
0 0.666667, -0.333333, 0.000000
1 1.000000, -0.333333, 0.000000
2 1.333333, -0.333333, 0.000000
3 0.666667, 0.000000, 0.000000
4 1.000000, 0.000000, 0.000000
5 1.333333, 0.000000, 0.000000
6 0.666667, 0.333333, 0.000000
7 1.000000, 0.333333, 0.000000
8 1.333333, 0.333333, 0.000000
9 -1.333333, -0.333333, 0.000000
10 -1.000000, -0.333333, 0.000000
11 -0.666667, -0.333333, 0.000000
12 -1.333333, 0.000000, 0.000000
13 -1.000000, 0.000000, 0.000000
14 -0.666667, 0.000000, 0.000000
15 -1.333333, 0.333333, 0.000000
16 -1.000000, 0.333333, 0.000000
17 -0.666667, 0.333333, 0.000000
18 -0.333333, -0.333333, 0.010000
19 0.000000, -0.333333, 0.010000
20 0.333333, -0.333333, 0.010000
21 -0.333333, 0.000000, 0.010000
22 0.333333, 0.000000, 0.010000
23 -0.333333, 0.333333, 0.010000
24 0.000000, 0.333333, 0.010000
25 0.333333, 0.333333, 0.010000
26 9 9 8 0.3333333333333333
[[0.   0.   0.   0.   0.   0.   0.   0.   0.   0.   0.   0.   0.   0.
  0.   0.   0.   0.   0.01 0.01 0.01 0.01 0.01 0.01 0.01 0.01]
 [0.   0.   0.   0.   0.   0.   0.   0.   0.   0.   0.   0.   0.   0.
  0.   0.   0.   0.   0.01 0.01 0.01 0.01 0.01 0.01 0.01 0.01]
 [0.   0.   0.   0.   0.   0.   0.   0.   0.   0.   0.   0.   0.   0.
  0.   0.   0.   0.   0.01 0.01 0.01 0.01 0.01 0.01 0.01 0.01]
 [0.   0.   0.   0.   0.   0.   0.   0.   0.   0.   0.   0.   0.   0.
  0.   0.   0.   0.   0.01 0.01 0.01 0.01 0.01 0.01 0.01 0.01]
 [0.   0.   0.   0.   0.   0.   0.   0.   0.   0.   0.   0.   0.   0.
  0.   0.   0.   0.   0.01 0.01 0.01 0.01 0.01 0.01 0.01 0.01]
 [0.   0.   0.   0.   0.   0.   0.   0.   0.   0.   0.   0.   0.   0.
  0.   0.   0.   0.   0.01 0.01 0.01 0.01 0.01 0.01 0.01 0.01]
 [0.   0.   0.   0.   0.   0.   0.   0.   0.   0.   0.   0.   0.   0.
  0.   0.   0.   0.   0.01 0.01 0.01 0.01 0.01 0.01 0.01 0.01]
 [0.   0.   0.   0.   0.   0.   0.   0.   0.   0.   0.   0.   0.   0.
  0.   0.   0.   0.   0.01 0.01 0.01 0.01 0.01 0.01 0.01 0.01]
 [0.   0.   0.   0.   0.   0.   0.   0.   0.   0.   0.   0.   0.   0.
  0.   0.   0.   0.   0.01 0.01 0.01 0.01 0.01 0.01 0.01 0.01]
 [0.   0.   0.   0.   0.   0.   0.   0.   0.   0.   0.   0.   0.   0.
  0.   0.   0.   0.   0.01 0.01 0.01 0.01 0.01 0.01 0.01 0.01]
 [0.   0.   0.   0.   0.   0.   0.   0.   0.   0.   0.   0.   0.   0.
  0.   0.   0.   0.   0.01 0.01 0.01 0.01 0.01 0.01 0.01 0.01]
 [0.   0.   0.   0.   0.   0.   0.   0.   0.   0.   0.   0.   0.   0.
  0.   0.   0.   0.   0.01 0.01 0.01 0.01 0.01 0.01 0.01 0.01]
 [0.   0.   0.   0.   0.   0.   0.   0.   0.   0.   0.   0.   0.   0.
  0.   0.   0.   0.   0.01 0.01 0.01 0.01 0.01 0.01 0.01 0.01]
 [0.   0.   0.   0.   0.   0.   0.   0.   0.   0.   0.   0.   0.   0.
  0.   0.   0.   0.   0.01 0.01 0.01 0.01 0.01 0.01 0.01 0.01]
 [0.   0.   0.   0.   0.   0.   0.   0.   0.   0.   0.   0.   0.   0.
  0.   0.   0.   0.   0.01 0.01 0.01 0.01 0.01 0.01 0.01 0.01]
 [0.   0.   0.   0.   0.   0.   0.   0.   0.   0.   0.   0.   0.   0.
  0.   0.   0.   0.   0.01 0.01 0.01 0.01 0.01 0.01 0.01 0.01]
 [0.   0.   0.   0.   0.   0.   0.   0.   0.   0.   0.   0.   0.   0.
  0.   0.   0.   0.   0.01 0.01 0.01 0.01 0.01 0.01 0.01 0.01]
 [0.   0.   0.   0.   0.   0.   0.   0.   0.   0.   0.   0.   0.   0.
  0.   0.   0.   0.   0.01 0.01 0.01 0.01 0.01 0.01 0.01 0.01]
 [0.01 0.01 0.01 0.01 0.01 0.01 0.01 0.01 0.01 0.01 0.01 0.01 0.01 0.01
  0.01 0.01 0.01 0.01 0.   0.   0.   0.   0.   0.   0.   0.  ]
 [0.01 0.01 0.01 0.01 0.01 0.01 0.01 0.01 0.01 0.01 0.01 0.01 0.01 0.01
  0.01 0.01 0.01 0.01 0.   0.   0.   0.   0.   0.   0.   0.  ]
 [0.01 0.01 0.01 0.01 0.01 0.01 0.01 0.01 0.01 0.01 0.01 0.01 0.01 0.01
  0.01 0.01 0.01 0.01 0.   0.   0.   0.   0.   0.   0.   0.  ]
 [0.01 0.01 0.01 0.01 0.01 0.01 0.01 0.01 0.01 0.01 0.01 0.01 0.01 0.01
  0.01 0.01 0.01 0.01 0.   0.   0.   0.   0.   0.   0.   0.  ]
 [0.01 0.01 0.01 0.01 0.01 0.01 0.01 0.01 0.01 0.01 0.01 0.01 0.01 0.01
  0.01 0.01 0.01 0.01 0.   0.   0.   0.   0.   0.   0.   0.  ]
 [0.01 0.01 0.01 0.01 0.01 0.01 0.01 0.01 0.01 0.01 0.01 0.01 0.01 0.01
  0.01 0.01 0.01 0.01 0.   0.   0.   0.   0.   0.   0.   0.  ]
 [0.01 0.01 0.01 0.01 0.01 0.01 0.01 0.01 0.01 0.01 0.01 0.01 0.01 0.01
  0.01 0.01 0.01 0.01 0.   0.   0.   0.   0.   0.   0.   0.  ]
 [0.01 0.01 0.01 0.01 0.01 0.01 0.01 0.01 0.01 0.01 0.01 0.01 0.01 0.01
  0.01 0.01 0.01 0.01 0.   0.   0.   0.   0.   0.   0.   0.  ]]
[[0.         0.33333333 0.66666667 0.         0.33333333 0.66666667
  0.         0.33333333 0.66666667 2.         1.66666667 1.33333333
  2.         1.66666667 1.33333333 2.         1.66666667 1.33333333
  1.         0.66666667 0.33333333 1.         0.33333333 1.
  0.66666667 0.33333333]
 [0.33333333 0.         0.33333333 0.33333333 0.         0.33333333
  0.33333333 0.         0.33333333 2.33333333 2.         1.66666667
  2.33333333 2.         1.66666667 2.33333333 2.         1.66666667
  1.33333333 1.         0.66666667 1.33333333 0.66666667 1.33333333
  1.         0.66666667]
 [0.66666667 0.33333333 0.         0.66666667 0.33333333 0.
  0.66666667 0.33333333 0.         2.66666667 2.33333333 2.
  2.66666667 2.33333333 2.         2.66666667 2.33333333 2.
  1.66666667 1.33333333 1.         1.66666667 1.         1.66666667
  1.33333333 1.        ]
 [0.         0.33333333 0.66666667 0.         0.33333333 0.66666667
  0.         0.33333333 0.66666667 2.         1.66666667 1.33333333
  2.         1.66666667 1.33333333 2.         1.66666667 1.33333333
  1.         0.66666667 0.33333333 1.         0.33333333 1.
  0.66666667 0.33333333]
 [0.33333333 0.         0.33333333 0.33333333 0.         0.33333333
  0.33333333 0.         0.33333333 2.33333333 2.         1.66666667
  2.33333333 2.         1.66666667 2.33333333 2.         1.66666667
  1.33333333 1.         0.66666667 1.33333333 0.66666667 1.33333333
  1.         0.66666667]
 [0.66666667 0.33333333 0.         0.66666667 0.33333333 0.
  0.66666667 0.33333333 0.         2.66666667 2.33333333 2.
  2.66666667 2.33333333 2.         2.66666667 2.33333333 2.
  1.66666667 1.33333333 1.         1.66666667 1.         1.66666667
  1.33333333 1.        ]
 [0.         0.33333333 0.66666667 0.         0.33333333 0.66666667
  0.         0.33333333 0.66666667 2.         1.66666667 1.33333333
  2.         1.66666667 1.33333333 2.         1.66666667 1.33333333
  1.         0.66666667 0.33333333 1.         0.33333333 1.
  0.66666667 0.33333333]
 [0.33333333 0.         0.33333333 0.33333333 0.         0.33333333
  0.33333333 0.         0.33333333 2.33333333 2.         1.66666667
  2.33333333 2.         1.66666667 2.33333333 2.         1.66666667
  1.33333333 1.         0.66666667 1.33333333 0.66666667 1.33333333
  1.         0.66666667]
 [0.66666667 0.33333333 0.         0.66666667 0.33333333 0.
  0.66666667 0.33333333 0.         2.66666667 2.33333333 2.
  2.66666667 2.33333333 2.         2.66666667 2.33333333 2.
  1.66666667 1.33333333 1.         1.66666667 1.         1.66666667
  1.33333333 1.        ]
 [2.         2.33333333 2.66666667 2.         2.33333333 2.66666667
  2.         2.33333333 2.66666667 0.         0.33333333 0.66666667
  0.         0.33333333 0.66666667 0.         0.33333333 0.66666667
  1.         1.33333333 1.66666667 1.         1.66666667 1.
  1.33333333 1.66666667]
 [1.66666667 2.         2.33333333 1.66666667 2.         2.33333333
  1.66666667 2.         2.33333333 0.33333333 0.         0.33333333
  0.33333333 0.         0.33333333 0.33333333 0.         0.33333333
  0.66666667 1.         1.33333333 0.66666667 1.33333333 0.66666667
  1.         1.33333333]
 [1.33333333 1.66666667 2.         1.33333333 1.66666667 2.
  1.33333333 1.66666667 2.         0.66666667 0.33333333 0.
  0.66666667 0.33333333 0.         0.66666667 0.33333333 0.
  0.33333333 0.66666667 1.         0.33333333 1.         0.33333333
  0.66666667 1.        ]
 [2.         2.33333333 2.66666667 2.         2.33333333 2.66666667
  2.         2.33333333 2.66666667 0.         0.33333333 0.66666667
  0.         0.33333333 0.66666667 0.         0.33333333 0.66666667
  1.         1.33333333 1.66666667 1.         1.66666667 1.
  1.33333333 1.66666667]
 [1.66666667 2.         2.33333333 1.66666667 2.         2.33333333
  1.66666667 2.         2.33333333 0.33333333 0.         0.33333333
  0.33333333 0.         0.33333333 0.33333333 0.         0.33333333
  0.66666667 1.         1.33333333 0.66666667 1.33333333 0.66666667
  1.         1.33333333]
 [1.33333333 1.66666667 2.         1.33333333 1.66666667 2.
  1.33333333 1.66666667 2.         0.66666667 0.33333333 0.
  0.66666667 0.33333333 0.         0.66666667 0.33333333 0.
  0.33333333 0.66666667 1.         0.33333333 1.         0.33333333
  0.66666667 1.        ]
 [2.         2.33333333 2.66666667 2.         2.33333333 2.66666667
  2.         2.33333333 2.66666667 0.         0.33333333 0.66666667
  0.         0.33333333 0.66666667 0.         0.33333333 0.66666667
  1.         1.33333333 1.66666667 1.         1.66666667 1.
  1.33333333 1.66666667]
 [1.66666667 2.         2.33333333 1.66666667 2.         2.33333333
  1.66666667 2.         2.33333333 0.33333333 0.         0.33333333
  0.33333333 0.         0.33333333 0.33333333 0.         0.33333333
  0.66666667 1.         1.33333333 0.66666667 1.33333333 0.66666667
  1.         1.33333333]
 [1.33333333 1.66666667 2.         1.33333333 1.66666667 2.
  1.33333333 1.66666667 2.         0.66666667 0.33333333 0.
  0.66666667 0.33333333 0.         0.66666667 0.33333333 0.
  0.33333333 0.66666667 1.         0.33333333 1.         0.33333333
  0.66666667 1.        ]
 [1.         1.33333333 1.66666667 1.         1.33333333 1.66666667
  1.         1.33333333 1.66666667 1.         0.66666667 0.33333333
  1.         0.66666667 0.33333333 1.         0.66666667 0.33333333
  0.         0.33333333 0.66666667 0.         0.66666667 0.
  0.33333333 0.66666667]
 [0.66666667 1.         1.33333333 0.66666667 1.         1.33333333
  0.66666667 1.         1.33333333 1.33333333 1.         0.66666667
  1.33333333 1.         0.66666667 1.33333333 1.         0.66666667
  0.33333333 0.         0.33333333 0.33333333 0.33333333 0.33333333
  0.         0.33333333]
 [0.33333333 0.66666667 1.         0.33333333 0.66666667 1.
  0.33333333 0.66666667 1.         1.66666667 1.33333333 1.
  1.66666667 1.33333333 1.         1.66666667 1.33333333 1.
  0.66666667 0.33333333 0.         0.66666667 0.         0.66666667
  0.33333333 0.        ]
 [1.         1.33333333 1.66666667 1.         1.33333333 1.66666667
  1.         1.33333333 1.66666667 1.         0.66666667 0.33333333
  1.         0.66666667 0.33333333 1.         0.66666667 0.33333333
  0.         0.33333333 0.66666667 0.         0.66666667 0.
  0.33333333 0.66666667]
 [0.33333333 0.66666667 1.         0.33333333 0.66666667 1.
  0.33333333 0.66666667 1.         1.66666667 1.33333333 1.
  1.66666667 1.33333333 1.         1.66666667 1.33333333 1.
  0.66666667 0.33333333 0.         0.66666667 0.         0.66666667
  0.33333333 0.        ]
 [1.         1.33333333 1.66666667 1.         1.33333333 1.66666667
  1.         1.33333333 1.66666667 1.         0.66666667 0.33333333
  1.         0.66666667 0.33333333 1.         0.66666667 0.33333333
  0.         0.33333333 0.66666667 0.         0.66666667 0.
  0.33333333 0.66666667]
 [0.66666667 1.         1.33333333 0.66666667 1.         1.33333333
  0.66666667 1.         1.33333333 1.33333333 1.         0.66666667
  1.33333333 1.         0.66666667 1.33333333 1.         0.66666667
  0.33333333 0.         0.33333333 0.33333333 0.33333333 0.33333333
  0.         0.33333333]
 [0.33333333 0.66666667 1.         0.33333333 0.66666667 1.
  0.33333333 0.66666667 1.         1.66666667 1.33333333 1.
  1.66666667 1.33333333 1.         1.66666667 1.33333333 1.
  0.66666667 0.33333333 0.         0.66666667 0.         0.66666667
  0.33333333 0.        ]]
[[0.         0.         0.         0.33333333 0.33333333 0.33333333
  0.66666667 0.66666667 0.66666667 0.         0.         0.
  0.33333333 0.33333333 0.33333333 0.66666667 0.66666667 0.66666667
  0.         0.         0.         0.33333333 0.33333333 0.66666667
  0.66666667 0.66666667]
 [0.         0.         0.         0.33333333 0.33333333 0.33333333
  0.66666667 0.66666667 0.66666667 0.         0.         0.
  0.33333333 0.33333333 0.33333333 0.66666667 0.66666667 0.66666667
  0.         0.         0.         0.33333333 0.33333333 0.66666667
  0.66666667 0.66666667]
 [0.         0.         0.         0.33333333 0.33333333 0.33333333
  0.66666667 0.66666667 0.66666667 0.         0.         0.
  0.33333333 0.33333333 0.33333333 0.66666667 0.66666667 0.66666667
  0.         0.         0.         0.33333333 0.33333333 0.66666667
  0.66666667 0.66666667]
 [0.33333333 0.33333333 0.33333333 0.         0.         0.
  0.33333333 0.33333333 0.33333333 0.33333333 0.33333333 0.33333333
  0.         0.         0.         0.33333333 0.33333333 0.33333333
  0.33333333 0.33333333 0.33333333 0.         0.         0.33333333
  0.33333333 0.33333333]
 [0.33333333 0.33333333 0.33333333 0.         0.         0.
  0.33333333 0.33333333 0.33333333 0.33333333 0.33333333 0.33333333
  0.         0.         0.         0.33333333 0.33333333 0.33333333
  0.33333333 0.33333333 0.33333333 0.         0.         0.33333333
  0.33333333 0.33333333]
 [0.33333333 0.33333333 0.33333333 0.         0.         0.
  0.33333333 0.33333333 0.33333333 0.33333333 0.33333333 0.33333333
  0.         0.         0.         0.33333333 0.33333333 0.33333333
  0.33333333 0.33333333 0.33333333 0.         0.         0.33333333
  0.33333333 0.33333333]
 [0.66666667 0.66666667 0.66666667 0.33333333 0.33333333 0.33333333
  0.         0.         0.         0.66666667 0.66666667 0.66666667
  0.33333333 0.33333333 0.33333333 0.         0.         0.
  0.66666667 0.66666667 0.66666667 0.33333333 0.33333333 0.
  0.         0.        ]
 [0.66666667 0.66666667 0.66666667 0.33333333 0.33333333 0.33333333
  0.         0.         0.         0.66666667 0.66666667 0.66666667
  0.33333333 0.33333333 0.33333333 0.         0.         0.
  0.66666667 0.66666667 0.66666667 0.33333333 0.33333333 0.
  0.         0.        ]
 [0.66666667 0.66666667 0.66666667 0.33333333 0.33333333 0.33333333
  0.         0.         0.         0.66666667 0.66666667 0.66666667
  0.33333333 0.33333333 0.33333333 0.         0.         0.
  0.66666667 0.66666667 0.66666667 0.33333333 0.33333333 0.
  0.         0.        ]
 [0.         0.         0.         0.33333333 0.33333333 0.33333333
  0.66666667 0.66666667 0.66666667 0.         0.         0.
  0.33333333 0.33333333 0.33333333 0.66666667 0.66666667 0.66666667
  0.         0.         0.         0.33333333 0.33333333 0.66666667
  0.66666667 0.66666667]
 [0.         0.         0.         0.33333333 0.33333333 0.33333333
  0.66666667 0.66666667 0.66666667 0.         0.         0.
  0.33333333 0.33333333 0.33333333 0.66666667 0.66666667 0.66666667
  0.         0.         0.         0.33333333 0.33333333 0.66666667
  0.66666667 0.66666667]
 [0.         0.         0.         0.33333333 0.33333333 0.33333333
  0.66666667 0.66666667 0.66666667 0.         0.         0.
  0.33333333 0.33333333 0.33333333 0.66666667 0.66666667 0.66666667
  0.         0.         0.         0.33333333 0.33333333 0.66666667
  0.66666667 0.66666667]
 [0.33333333 0.33333333 0.33333333 0.         0.         0.
  0.33333333 0.33333333 0.33333333 0.33333333 0.33333333 0.33333333
  0.         0.         0.         0.33333333 0.33333333 0.33333333
  0.33333333 0.33333333 0.33333333 0.         0.         0.33333333
  0.33333333 0.33333333]
 [0.33333333 0.33333333 0.33333333 0.         0.         0.
  0.33333333 0.33333333 0.33333333 0.33333333 0.33333333 0.33333333
  0.         0.         0.         0.33333333 0.33333333 0.33333333
  0.33333333 0.33333333 0.33333333 0.         0.         0.33333333
  0.33333333 0.33333333]
 [0.33333333 0.33333333 0.33333333 0.         0.         0.
  0.33333333 0.33333333 0.33333333 0.33333333 0.33333333 0.33333333
  0.         0.         0.         0.33333333 0.33333333 0.33333333
  0.33333333 0.33333333 0.33333333 0.         0.         0.33333333
  0.33333333 0.33333333]
 [0.66666667 0.66666667 0.66666667 0.33333333 0.33333333 0.33333333
  0.         0.         0.         0.66666667 0.66666667 0.66666667
  0.33333333 0.33333333 0.33333333 0.         0.         0.
  0.66666667 0.66666667 0.66666667 0.33333333 0.33333333 0.
  0.         0.        ]
 [0.66666667 0.66666667 0.66666667 0.33333333 0.33333333 0.33333333
  0.         0.         0.         0.66666667 0.66666667 0.66666667
  0.33333333 0.33333333 0.33333333 0.         0.         0.
  0.66666667 0.66666667 0.66666667 0.33333333 0.33333333 0.
  0.         0.        ]
 [0.66666667 0.66666667 0.66666667 0.33333333 0.33333333 0.33333333
  0.         0.         0.         0.66666667 0.66666667 0.66666667
  0.33333333 0.33333333 0.33333333 0.         0.         0.
  0.66666667 0.66666667 0.66666667 0.33333333 0.33333333 0.
  0.         0.        ]
 [0.         0.         0.         0.33333333 0.33333333 0.33333333
  0.66666667 0.66666667 0.66666667 0.         0.         0.
  0.33333333 0.33333333 0.33333333 0.66666667 0.66666667 0.66666667
  0.         0.         0.         0.33333333 0.33333333 0.66666667
  0.66666667 0.66666667]
 [0.         0.         0.         0.33333333 0.33333333 0.33333333
  0.66666667 0.66666667 0.66666667 0.         0.         0.
  0.33333333 0.33333333 0.33333333 0.66666667 0.66666667 0.66666667
  0.         0.         0.         0.33333333 0.33333333 0.66666667
  0.66666667 0.66666667]
 [0.         0.         0.         0.33333333 0.33333333 0.33333333
  0.66666667 0.66666667 0.66666667 0.         0.         0.
  0.33333333 0.33333333 0.33333333 0.66666667 0.66666667 0.66666667
  0.         0.         0.         0.33333333 0.33333333 0.66666667
  0.66666667 0.66666667]
 [0.33333333 0.33333333 0.33333333 0.         0.         0.
  0.33333333 0.33333333 0.33333333 0.33333333 0.33333333 0.33333333
  0.         0.         0.         0.33333333 0.33333333 0.33333333
  0.33333333 0.33333333 0.33333333 0.         0.         0.33333333
  0.33333333 0.33333333]
 [0.33333333 0.33333333 0.33333333 0.         0.         0.
  0.33333333 0.33333333 0.33333333 0.33333333 0.33333333 0.33333333
  0.         0.         0.         0.33333333 0.33333333 0.33333333
  0.33333333 0.33333333 0.33333333 0.         0.         0.33333333
  0.33333333 0.33333333]
 [0.66666667 0.66666667 0.66666667 0.33333333 0.33333333 0.33333333
  0.         0.         0.         0.66666667 0.66666667 0.66666667
  0.33333333 0.33333333 0.33333333 0.         0.         0.
  0.66666667 0.66666667 0.66666667 0.33333333 0.33333333 0.
  0.         0.        ]
 [0.66666667 0.66666667 0.66666667 0.33333333 0.33333333 0.33333333
  0.         0.         0.         0.66666667 0.66666667 0.66666667
  0.33333333 0.33333333 0.33333333 0.         0.         0.
  0.66666667 0.66666667 0.66666667 0.33333333 0.33333333 0.
  0.         0.        ]
 [0.66666667 0.66666667 0.66666667 0.33333333 0.33333333 0.33333333
  0.         0.         0.         0.66666667 0.66666667 0.66666667
  0.33333333 0.33333333 0.33333333 0.         0.         0.
  0.66666667 0.66666667 0.66666667 0.33333333 0.33333333 0.
  0.         0.        ]]
-----------------------------------
[[8.01656258e+10 2.99859426e+10 1.37705494e+10 2.99859426e+10
  2.01937406e+10 1.22759602e+10 1.37705494e+10 1.22759602e+10
  9.63920893e+09 4.50420743e+09 5.41057950e+09 6.77599803e+09
  4.44265656e+09 5.30486928e+09 6.57184243e+09 4.27210963e+09
  5.02138239e+09 6.05464367e+09 9.07126435e+09 1.37686908e+10
  2.99043820e+10 8.59889878e+09 2.01843574e+10 7.52757324e+09
  9.63861431e+09 1.22746735e+10]
 [2.99859426e+10 8.01656258e+10 2.99859426e+10 2.01937406e+10
  2.99859426e+10 2.01937406e+10 1.22759602e+10 1.37705494e+10
  1.22759602e+10 3.85837210e+09 4.50420743e+09 5.41057950e+09
  3.81946768e+09 4.44265656e+09 5.30486928e+09 3.70945346e+09
  4.27210963e+09 5.02138239e+09 6.77579918e+09 9.07126435e+09
  1.37686908e+10 6.57166134e+09 1.22746735e+10 6.05450268e+09
  7.52757324e+09 9.63861431e+09]
 [1.37705494e+10 2.99859426e+10 8.01656258e+10 1.22759602e+10
  2.01937406e+10 2.99859426e+10 9.63920893e+09 1.22759602e+10
  1.37705494e+10 3.37472728e+09 3.85837210e+09 4.50420743e+09
  3.34860178e+09 3.81946768e+09 4.44265656e+09 3.27372091e+09
  3.70945346e+09 4.27210963e+09 5.41047944e+09 6.77579918e+09
  9.07126435e+09 5.30477504e+09 8.59889878e+09 5.02130263e+09
  6.05450268e+09 7.52757324e+09]
 [2.99859426e+10 2.01937406e+10 1.22759602e+10 8.01656258e+10
  2.99859426e+10 1.37705494e+10 2.99859426e+10 2.01937406e+10
  1.22759602e+10 4.44265656e+09 5.30486928e+09 6.57184243e+09
  4.50420743e+09 5.41057950e+09 6.77599803e+09 4.44265656e+09
  5.30486928e+09 6.57184243e+09 8.59889878e+09 1.22746735e+10
  2.01843574e+10 9.07126435e+09 2.99043820e+10 8.59889878e+09
  1.22746735e+10 2.01843574e+10]
 [2.01937406e+10 2.99859426e+10 2.01937406e+10 2.99859426e+10
  8.01656258e+10 2.99859426e+10 2.01937406e+10 2.99859426e+10
  2.01937406e+10 3.81946768e+09 4.44265656e+09 5.30486928e+09
  3.85837210e+09 4.50420743e+09 5.41057950e+09 3.81946768e+09
  4.44265656e+09 5.30486928e+09 6.57166134e+09 8.59889878e+09
  1.22746735e+10 6.77579918e+09 1.37686908e+10 6.57166134e+09
  8.59889878e+09 1.22746735e+10]
 [1.22759602e+10 2.01937406e+10 2.99859426e+10 1.37705494e+10
  2.99859426e+10 8.01656258e+10 1.22759602e+10 2.01937406e+10
  2.99859426e+10 3.34860178e+09 3.81946768e+09 4.44265656e+09
  3.37472728e+09 3.85837210e+09 4.50420743e+09 3.34860178e+09
  3.81946768e+09 4.44265656e+09 5.30477504e+09 6.57166134e+09
  8.59889878e+09 5.41047944e+09 9.07126435e+09 5.30477504e+09
  6.57166134e+09 8.59889878e+09]
 [1.37705494e+10 1.22759602e+10 9.63920893e+09 2.99859426e+10
  2.01937406e+10 1.22759602e+10 8.01656258e+10 2.99859426e+10
  1.37705494e+10 4.27210963e+09 5.02138239e+09 6.05464367e+09
  4.44265656e+09 5.30486928e+09 6.57184243e+09 4.50420743e+09
  5.41057950e+09 6.77599803e+09 7.52757324e+09 9.63861431e+09
  1.22746735e+10 8.59889878e+09 2.01843574e+10 9.07126435e+09
  1.37686908e+10 2.99043820e+10]
 [1.22759602e+10 1.37705494e+10 1.22759602e+10 2.01937406e+10
  2.99859426e+10 2.01937406e+10 2.99859426e+10 8.01656258e+10
  2.99859426e+10 3.70945346e+09 4.27210963e+09 5.02138239e+09
  3.81946768e+09 4.44265656e+09 5.30486928e+09 3.85837210e+09
  4.50420743e+09 5.41057950e+09 6.05450268e+09 7.52757324e+09
  9.63861431e+09 6.57166134e+09 1.22746735e+10 6.77579918e+09
  9.07126435e+09 1.37686908e+10]
 [9.63920893e+09 1.22759602e+10 1.37705494e+10 1.22759602e+10
  2.01937406e+10 2.99859426e+10 1.37705494e+10 2.99859426e+10
  8.01656258e+10 3.27372091e+09 3.70945346e+09 4.27210963e+09
  3.34860178e+09 3.81946768e+09 4.44265656e+09 3.37472728e+09
  3.85837210e+09 4.50420743e+09 5.02130263e+09 6.05450268e+09
  7.52757324e+09 5.30477504e+09 8.59889878e+09 5.41047944e+09
  6.77579918e+09 9.07126435e+09]
 [4.50420743e+09 3.85837210e+09 3.37472728e+09 4.44265656e+09
  3.81946768e+09 3.34860178e+09 4.27210963e+09 3.70945346e+09
  3.27372091e+09 8.01656258e+10 2.99859426e+10 1.37705494e+10
  2.99859426e+10 2.01937406e+10 1.22759602e+10 1.37705494e+10
  1.22759602e+10 9.63920893e+09 9.07126435e+09 6.77579918e+09
  5.41047944e+09 8.59889878e+09 5.30477504e+09 7.52757324e+09
  6.05450268e+09 5.02130263e+09]
 [5.41057950e+09 4.50420743e+09 3.85837210e+09 5.30486928e+09
  4.44265656e+09 3.81946768e+09 5.02138239e+09 4.27210963e+09
  3.70945346e+09 2.99859426e+10 8.01656258e+10 2.99859426e+10
  2.01937406e+10 2.99859426e+10 2.01937406e+10 1.22759602e+10
  1.37705494e+10 1.22759602e+10 1.37686908e+10 9.07126435e+09
  6.77579918e+09 1.22746735e+10 6.57166134e+09 9.63861431e+09
  7.52757324e+09 6.05450268e+09]
 [6.77599803e+09 5.41057950e+09 4.50420743e+09 6.57184243e+09
  5.30486928e+09 4.44265656e+09 6.05464367e+09 5.02138239e+09
  4.27210963e+09 1.37705494e+10 2.99859426e+10 8.01656258e+10
  1.22759602e+10 2.01937406e+10 2.99859426e+10 9.63920893e+09
  1.22759602e+10 1.37705494e+10 2.99043820e+10 1.37686908e+10
  9.07126435e+09 2.01843574e+10 8.59889878e+09 1.22746735e+10
  9.63861431e+09 7.52757324e+09]
 [4.44265656e+09 3.81946768e+09 3.34860178e+09 4.50420743e+09
  3.85837210e+09 3.37472728e+09 4.44265656e+09 3.81946768e+09
  3.34860178e+09 2.99859426e+10 2.01937406e+10 1.22759602e+10
  8.01656258e+10 2.99859426e+10 1.37705494e+10 2.99859426e+10
  2.01937406e+10 1.22759602e+10 8.59889878e+09 6.57166134e+09
  5.30477504e+09 9.07126435e+09 5.41047944e+09 8.59889878e+09
  6.57166134e+09 5.30477504e+09]
 [5.30486928e+09 4.44265656e+09 3.81946768e+09 5.41057950e+09
  4.50420743e+09 3.85837210e+09 5.30486928e+09 4.44265656e+09
  3.81946768e+09 2.01937406e+10 2.99859426e+10 2.01937406e+10
  2.99859426e+10 8.01656258e+10 2.99859426e+10 2.01937406e+10
  2.99859426e+10 2.01937406e+10 1.22746735e+10 8.59889878e+09
  6.57166134e+09 1.37686908e+10 6.77579918e+09 1.22746735e+10
  8.59889878e+09 6.57166134e+09]
 [6.57184243e+09 5.30486928e+09 4.44265656e+09 6.77599803e+09
  5.41057950e+09 4.50420743e+09 6.57184243e+09 5.30486928e+09
  4.44265656e+09 1.22759602e+10 2.01937406e+10 2.99859426e+10
  1.37705494e+10 2.99859426e+10 8.01656258e+10 1.22759602e+10
  2.01937406e+10 2.99859426e+10 2.01843574e+10 1.22746735e+10
  8.59889878e+09 2.99043820e+10 9.07126435e+09 2.01843574e+10
  1.22746735e+10 8.59889878e+09]
 [4.27210963e+09 3.70945346e+09 3.27372091e+09 4.44265656e+09
  3.81946768e+09 3.34860178e+09 4.50420743e+09 3.85837210e+09
  3.37472728e+09 1.37705494e+10 1.22759602e+10 9.63920893e+09
  2.99859426e+10 2.01937406e+10 1.22759602e+10 8.01656258e+10
  2.99859426e+10 1.37705494e+10 7.52757324e+09 6.05450268e+09
  5.02130263e+09 8.59889878e+09 5.30477504e+09 9.07126435e+09
  6.77579918e+09 5.41047944e+09]
 [5.02138239e+09 4.27210963e+09 3.70945346e+09 5.30486928e+09
  4.44265656e+09 3.81946768e+09 5.41057950e+09 4.50420743e+09
  3.85837210e+09 1.22759602e+10 1.37705494e+10 1.22759602e+10
  2.01937406e+10 2.99859426e+10 2.01937406e+10 2.99859426e+10
  8.01656258e+10 2.99859426e+10 9.63861431e+09 7.52757324e+09
  6.05450268e+09 1.22746735e+10 6.57166134e+09 1.37686908e+10
  9.07126435e+09 6.77579918e+09]
 [6.05464367e+09 5.02138239e+09 4.27210963e+09 6.57184243e+09
  5.30486928e+09 4.44265656e+09 6.77599803e+09 5.41057950e+09
  4.50420743e+09 9.63920893e+09 1.22759602e+10 1.37705494e+10
  1.22759602e+10 2.01937406e+10 2.99859426e+10 1.37705494e+10
  2.99859426e+10 8.01656258e+10 1.22746735e+10 9.63861431e+09
  7.52757324e+09 2.01843574e+10 8.59889878e+09 2.99043820e+10
  1.37686908e+10 9.07126435e+09]
 [9.07126435e+09 6.77579918e+09 5.41047944e+09 8.59889878e+09
  6.57166134e+09 5.30477504e+09 7.52757324e+09 6.05450268e+09
  5.02130263e+09 9.07126435e+09 1.37686908e+10 2.99043820e+10
  8.59889878e+09 1.22746735e+10 2.01843574e+10 7.52757324e+09
  9.63861431e+09 1.22746735e+10 8.01656258e+10 2.99859426e+10
  1.37705494e+10 2.99859426e+10 1.22759602e+10 1.37705494e+10
  1.22759602e+10 9.63920893e+09]
 [1.37686908e+10 9.07126435e+09 6.77579918e+09 1.22746735e+10
  8.59889878e+09 6.57166134e+09 9.63861431e+09 7.52757324e+09
  6.05450268e+09 6.77579918e+09 9.07126435e+09 1.37686908e+10
  6.57166134e+09 8.59889878e+09 1.22746735e+10 6.05450268e+09
  7.52757324e+09 9.63861431e+09 2.99859426e+10 8.01656258e+10
  2.99859426e+10 2.01937406e+10 2.01937406e+10 1.22759602e+10
  1.37705494e+10 1.22759602e+10]
 [2.99043820e+10 1.37686908e+10 9.07126435e+09 2.01843574e+10
  1.22746735e+10 8.59889878e+09 1.22746735e+10 9.63861431e+09
  7.52757324e+09 5.41047944e+09 6.77579918e+09 9.07126435e+09
  5.30477504e+09 6.57166134e+09 8.59889878e+09 5.02130263e+09
  6.05450268e+09 7.52757324e+09 1.37705494e+10 2.99859426e+10
  8.01656258e+10 1.22759602e+10 2.99859426e+10 9.63920893e+09
  1.22759602e+10 1.37705494e+10]
 [8.59889878e+09 6.57166134e+09 5.30477504e+09 9.07126435e+09
  6.77579918e+09 5.41047944e+09 8.59889878e+09 6.57166134e+09
  5.30477504e+09 8.59889878e+09 1.22746735e+10 2.01843574e+10
  9.07126435e+09 1.37686908e+10 2.99043820e+10 8.59889878e+09
  1.22746735e+10 2.01843574e+10 2.99859426e+10 2.01937406e+10
  1.22759602e+10 8.01656258e+10 1.37705494e+10 2.99859426e+10
  2.01937406e+10 1.22759602e+10]
 [2.01843574e+10 1.22746735e+10 8.59889878e+09 2.99043820e+10
  1.37686908e+10 9.07126435e+09 2.01843574e+10 1.22746735e+10
  8.59889878e+09 5.30477504e+09 6.57166134e+09 8.59889878e+09
  5.41047944e+09 6.77579918e+09 9.07126435e+09 5.30477504e+09
  6.57166134e+09 8.59889878e+09 1.22759602e+10 2.01937406e+10
  2.99859426e+10 1.37705494e+10 8.01656258e+10 1.22759602e+10
  2.01937406e+10 2.99859426e+10]
 [7.52757324e+09 6.05450268e+09 5.02130263e+09 8.59889878e+09
  6.57166134e+09 5.30477504e+09 9.07126435e+09 6.77579918e+09
  5.41047944e+09 7.52757324e+09 9.63861431e+09 1.22746735e+10
  8.59889878e+09 1.22746735e+10 2.01843574e+10 9.07126435e+09
  1.37686908e+10 2.99043820e+10 1.37705494e+10 1.22759602e+10
  9.63920893e+09 2.99859426e+10 1.22759602e+10 8.01656258e+10
  2.99859426e+10 1.37705494e+10]
 [9.63861431e+09 7.52757324e+09 6.05450268e+09 1.22746735e+10
  8.59889878e+09 6.57166134e+09 1.37686908e+10 9.07126435e+09
  6.77579918e+09 6.05450268e+09 7.52757324e+09 9.63861431e+09
  6.57166134e+09 8.59889878e+09 1.22746735e+10 6.77579918e+09
  9.07126435e+09 1.37686908e+10 1.22759602e+10 1.37705494e+10
  1.22759602e+10 2.01937406e+10 2.01937406e+10 2.99859426e+10
  8.01656258e+10 2.99859426e+10]
 [1.22746735e+10 9.63861431e+09 7.52757324e+09 2.01843574e+10
  1.22746735e+10 8.59889878e+09 2.99043820e+10 1.37686908e+10
  9.07126435e+09 5.02130263e+09 6.05450268e+09 7.52757324e+09
  5.30477504e+09 6.57166134e+09 8.59889878e+09 5.41047944e+09
  6.77579918e+09 9.07126435e+09 9.63920893e+09 1.22759602e+10
  1.37705494e+10 1.22759602e+10 2.99859426e+10 1.37705494e+10
  2.99859426e+10 8.01656258e+10]]
-----------------------------------
[[ 8.01656258e+10  2.99859426e+10  1.37705494e+10  2.99859426e+10
   2.01937406e+10  1.22759602e+10  1.37705494e+10  1.22759602e+10
   9.63920893e+09  4.50420743e+09  5.41057950e+09  6.77599803e+09
   4.44265656e+09  5.30486928e+09  6.57184243e+09  4.27210963e+09
   5.02138239e+09  6.05464367e+09  9.07126435e+09  1.37686908e+10
   2.99043820e+10  8.59889878e+09  2.01843574e+10  7.52757324e+09
   9.63861431e+09  1.22746735e+10]
 [ 2.99859426e+10  8.01656258e+10  2.99859426e+10  2.01937406e+10
   2.99859426e+10  2.01937406e+10  1.22759602e+10  1.37705494e+10
   1.22759602e+10  3.85837210e+09  4.50420743e+09  5.41057950e+09
   3.81946768e+09  4.44265656e+09  5.30486928e+09  3.70945346e+09
   4.27210963e+09  5.02138239e+09  6.77579918e+09  9.07126435e+09
   1.37686908e+10  6.57166134e+09  1.22746735e+10  6.05450268e+09
   7.52757324e+09  9.63861431e+09]
 [ 1.37705494e+10  2.99859426e+10  8.01656258e+10  1.22759602e+10
   2.01937406e+10  2.99859426e+10  9.63920893e+09  1.22759602e+10
   1.37705494e+10  3.37472728e+09  3.85837210e+09  4.50420743e+09
   3.34860178e+09  3.81946768e+09  4.44265656e+09  3.27372091e+09
   3.70945346e+09  4.27210963e+09  5.41047944e+09  6.77579918e+09
   9.07126435e+09  5.30477504e+09  8.59889878e+09  5.02130263e+09
   6.05450268e+09  7.52757324e+09]
 [ 2.99859426e+10  2.01937406e+10  1.22759602e+10  8.01656258e+10
   2.99859426e+10  1.37705494e+10  2.99859426e+10  2.01937406e+10
   1.22759602e+10  4.44265656e+09  5.30486928e+09  6.57184243e+09
   4.50420743e+09  5.41057950e+09  6.77599803e+09  4.44265656e+09
   5.30486928e+09  6.57184243e+09  8.59889878e+09  1.22746735e+10
   2.01843574e+10  9.07126435e+09  2.99043820e+10  8.59889878e+09
   1.22746735e+10  2.01843574e+10]
 [ 2.01937406e+10  2.99859426e+10  2.01937406e+10  2.99859426e+10
   8.01656258e+10  2.99859426e+10  2.01937406e+10  2.99859426e+10
   2.01937406e+10  3.81946768e+09  4.44265656e+09  5.30486928e+09
   3.85837210e+09  4.50420743e+09  5.41057950e+09  3.81946768e+09
   4.44265656e+09  5.30486928e+09  6.57166134e+09  8.59889878e+09
   1.22746735e+10  6.77579918e+09  1.37686908e+10  6.57166134e+09
   8.59889878e+09  1.22746735e+10]
 [ 1.22759602e+10  2.01937406e+10  2.99859426e+10  1.37705494e+10
   2.99859426e+10  8.01656258e+10  1.22759602e+10  2.01937406e+10
   2.99859426e+10  3.34860178e+09  3.81946768e+09  4.44265656e+09
   3.37472728e+09  3.85837210e+09  4.50420743e+09  3.34860178e+09
   3.81946768e+09  4.44265656e+09  5.30477504e+09  6.57166134e+09
   8.59889878e+09  5.41047944e+09  9.07126435e+09  5.30477504e+09
   6.57166134e+09  8.59889878e+09]
 [ 1.37705494e+10  1.22759602e+10  9.63920893e+09  2.99859426e+10
   2.01937406e+10  1.22759602e+10  8.01656258e+10  2.99859426e+10
   1.37705494e+10  4.27210963e+09  5.02138239e+09  6.05464367e+09
   4.44265656e+09  5.30486928e+09  6.57184243e+09  4.50420743e+09
   5.41057950e+09  6.77599803e+09  7.52757324e+09  9.63861431e+09
   1.22746735e+10  8.59889878e+09  2.01843574e+10  9.07126435e+09
   1.37686908e+10  2.99043820e+10]
 [ 1.22759602e+10  1.37705494e+10  1.22759602e+10  2.01937406e+10
   2.99859426e+10  2.01937406e+10  2.99859426e+10  8.01656258e+10
   2.99859426e+10  3.70945346e+09  4.27210963e+09  5.02138239e+09
   3.81946768e+09  4.44265656e+09  5.30486928e+09  3.85837210e+09
   4.50420743e+09  5.41057950e+09  6.05450268e+09  7.52757324e+09
   9.63861431e+09  6.57166134e+09  1.22746735e+10  6.77579918e+09
   9.07126435e+09  1.37686908e+10]
 [ 9.63920893e+09  1.22759602e+10  1.37705494e+10  1.22759602e+10
   2.01937406e+10  2.99859426e+10  1.37705494e+10  2.99859426e+10
   8.01656258e+10  3.27372091e+09  3.70945346e+09  4.27210963e+09
   3.34860178e+09  3.81946768e+09  4.44265656e+09  3.37472728e+09
   3.85837210e+09  4.50420743e+09  5.02130263e+09  6.05450268e+09
   7.52757324e+09  5.30477504e+09  8.59889878e+09  5.41047944e+09
   6.77579918e+09  9.07126435e+09]
 [ 4.50420743e+09  3.85837210e+09  3.37472728e+09  4.44265656e+09
   3.81946768e+09  3.34860178e+09  4.27210963e+09  3.70945346e+09
   3.27372091e+09  8.01656258e+10  2.99859426e+10  1.37705494e+10
   2.99859426e+10  2.01937406e+10  1.22759602e+10  1.37705494e+10
   1.22759602e+10  9.63920893e+09  9.07126435e+09  6.77579918e+09
   5.41047944e+09  8.59889878e+09  5.30477504e+09  7.52757324e+09
   6.05450268e+09  5.02130263e+09]
 [ 5.41057950e+09  4.50420743e+09  3.85837210e+09  5.30486928e+09
   4.44265656e+09  3.81946768e+09  5.02138239e+09  4.27210963e+09
   3.70945346e+09  2.99859426e+10  8.01656258e+10  2.99859426e+10
   2.01937406e+10  2.99859426e+10  2.01937406e+10  1.22759602e+10
   1.37705494e+10  1.22759602e+10  1.37686908e+10  9.07126435e+09
   6.77579918e+09  1.22746735e+10  6.57166134e+09  9.63861431e+09
   7.52757324e+09  6.05450268e+09]
 [ 6.77599803e+09  5.41057950e+09  4.50420743e+09  6.57184243e+09
   5.30486928e+09  4.44265656e+09  6.05464367e+09  5.02138239e+09
   4.27210963e+09  1.37705494e+10  2.99859426e+10  8.01656258e+10
   1.22759602e+10  2.01937406e+10  2.99859426e+10  9.63920893e+09
   1.22759602e+10  1.37705494e+10  2.99043820e+10  1.37686908e+10
   9.07126435e+09  2.01843574e+10  8.59889878e+09  1.22746735e+10
   9.63861431e+09  7.52757324e+09]
 [ 4.44265656e+09  3.81946768e+09  3.34860178e+09  4.50420743e+09
   3.85837210e+09  3.37472728e+09  4.44265656e+09  3.81946768e+09
   3.34860178e+09  2.99859426e+10  2.01937406e+10  1.22759602e+10
   8.01656258e+10  2.99859426e+10  1.37705494e+10  2.99859426e+10
   2.01937406e+10  1.22759602e+10  8.59889878e+09  6.57166134e+09
   5.30477504e+09  9.07126435e+09  5.41047944e+09  8.59889878e+09
   6.57166134e+09  5.30477504e+09]
 [ 5.30486928e+09  4.44265656e+09  3.81946768e+09  5.41057950e+09
   4.50420743e+09  3.85837210e+09  5.30486928e+09  4.44265656e+09
   3.81946768e+09  2.01937406e+10  2.99859426e+10  2.01937406e+10
   2.99859426e+10  8.01656258e+10  2.99859426e+10  2.01937406e+10
   2.99859426e+10  2.01937406e+10  1.22746735e+10  8.59889878e+09
   6.57166134e+09  1.37686908e+10  6.77579918e+09  1.22746735e+10
   8.59889878e+09  6.57166134e+09]
 [ 6.57184243e+09  5.30486928e+09  4.44265656e+09  6.77599803e+09
   5.41057950e+09  4.50420743e+09  6.57184243e+09  5.30486928e+09
   4.44265656e+09  1.22759602e+10  2.01937406e+10  2.99859426e+10
   1.37705494e+10  2.99859426e+10  8.01656258e+10  1.22759602e+10
   2.01937406e+10  2.99859426e+10  2.01843574e+10  1.22746735e+10
   8.59889878e+09  2.99043820e+10  9.07126435e+09  2.01843574e+10
   1.22746735e+10  8.59889878e+09]
 [ 4.27210963e+09  3.70945346e+09  3.27372091e+09  4.44265656e+09
   3.81946768e+09  3.34860178e+09  4.50420743e+09  3.85837210e+09
   3.37472728e+09  1.37705494e+10  1.22759602e+10  9.63920893e+09
   2.99859426e+10  2.01937406e+10  1.22759602e+10  8.01656258e+10
   2.99859426e+10  1.37705494e+10  7.52757324e+09  6.05450268e+09
   5.02130263e+09  8.59889878e+09  5.30477504e+09  9.07126435e+09
   6.77579918e+09  5.41047944e+09]
 [ 5.02138239e+09  4.27210963e+09  3.70945346e+09  5.30486928e+09
   4.44265656e+09  3.81946768e+09  5.41057950e+09  4.50420743e+09
   3.85837210e+09  1.22759602e+10  1.37705494e+10  1.22759602e+10
   2.01937406e+10  2.99859426e+10  2.01937406e+10  2.99859426e+10
   8.01656258e+10  2.99859426e+10  9.63861431e+09  7.52757324e+09
   6.05450268e+09  1.22746735e+10  6.57166134e+09  1.37686908e+10
   9.07126435e+09  6.77579918e+09]
 [ 6.05464367e+09  5.02138239e+09  4.27210963e+09  6.57184243e+09
   5.30486928e+09  4.44265656e+09  6.77599803e+09  5.41057950e+09
   4.50420743e+09  9.63920893e+09  1.22759602e+10  1.37705494e+10
   1.22759602e+10  2.01937406e+10  2.99859426e+10  1.37705494e+10
   2.99859426e+10  8.01656258e+10  1.22746735e+10  9.63861431e+09
   7.52757324e+09  2.01843574e+10  8.59889878e+09  2.99043820e+10
   1.37686908e+10  9.07126435e+09]
 [-3.20340914e+09 -2.86281513e+09 -2.11709380e+09 -1.15854587e+10
  -5.70301215e+09 -3.29412373e+09 -2.23768088e+10 -7.71418808e+09
  -4.04996171e+09  4.04996171e+09  7.71418808e+09  2.23768088e+10
   3.29412373e+09  5.70301215e+09  1.15854587e+10  2.11709380e+09
   2.86281513e+09  3.20340914e+09  7.05264168e+10  1.77099824e+10
   2.28881836e-05  1.77099824e+10 -1.77099824e+10 -2.28881836e-05
  -1.77099824e+10 -7.05264168e+10]
 [ 1.49401727e+09 -5.67349964e+08 -7.51774059e+08 -7.90968395e+09
  -3.67577472e+09 -2.02723743e+09 -2.02657677e+10 -6.24111752e+09
  -3.01676167e+09  1.75449655e+09  3.01676167e+09  6.24111752e+09
   1.26688630e+09  2.02723743e+09  3.67577472e+09  6.44023239e+08
   7.51774059e+08  5.67349964e+08  2.03467337e+10  6.78896655e+10
   1.62153932e+10  7.91778033e+09 -9.79220204e+09 -1.49458918e+09
  -1.62153932e+10 -6.78896655e+10]
 [ 1.76297085e+10  4.13007645e+09  1.54369111e+09  0.00000000e+00
   0.00000000e+00  0.00000000e+00 -1.76297085e+10 -4.13007645e+09
  -1.54369111e+09  3.89176811e+08  7.21296498e+08  1.54369111e+09
   0.00000000e+00  0.00000000e+00  0.00000000e+00 -3.89176811e+08
  -7.21296498e+08 -1.54369111e+09  4.13134048e+09  1.77099824e+10
   6.63950763e+10  0.00000000e+00  0.00000000e+00 -4.13134048e+09
  -1.77099824e+10 -6.63950763e+10]
 [-3.67577472e+09 -3.06695297e+09 -2.22279819e+09 -1.11130931e+10
  -5.49887431e+09 -3.18841933e+09 -2.13054833e+10 -7.19702942e+09
  -3.76648930e+09  3.57759614e+09  6.22017081e+09  1.26567842e+10
   3.76648930e+09  7.19702942e+09  2.13054833e+10  3.18841933e+09
   5.49887431e+09  1.11130931e+10  2.03467337e+10  7.91778033e+09
  -1.49458918e+09  6.78896655e+10 -1.62153932e+10  1.62153932e+10
  -9.79220204e+09 -6.78896655e+10]
 [ 7.90968395e+09  2.63605918e+09  1.07132554e+09  9.72002459e+09
   1.49401727e+09  4.72365571e+08 -9.72002459e+09 -1.49401727e+09
  -4.72365571e+08  2.83472412e+08  5.17158659e+08  1.07132554e+09
   1.05704399e+08  2.04137839e+08  4.72365571e+08 -1.05704399e+08
  -2.04137839e+08 -4.72365571e+08  2.63675130e+09  7.91778033e+09
   1.62153932e+10  1.49458918e+09  5.01796832e+10 -1.49458918e+09
  -9.79220204e+09 -5.01796832e+10]
 [-4.74710025e+09 -3.58411163e+09 -2.50627061e+09 -1.15854587e+10
  -5.70301215e+09 -3.29412373e+09 -2.08331177e+10 -6.99289158e+09
  -3.66078490e+09  2.50627061e+09  3.58411163e+09  4.74710025e+09
   3.29412373e+09  5.70301215e+09  1.15854587e+10  3.66078490e+09
   6.99289158e+09  2.08331177e+10  4.13134048e+09  0.00000000e+00
  -4.13134048e+09  1.77099824e+10 -1.77099824e+10  6.63950763e+10
   0.00000000e+00 -6.63950763e+10]
 [-2.63605918e+09 -2.11104107e+09 -1.47307056e+09 -7.90968395e+09
  -3.67577472e+09 -2.02723743e+09 -1.61356913e+10 -4.69742641e+09
  -2.29546517e+09  1.03320005e+09  1.47307056e+09  2.11104107e+09
   1.26688630e+09  2.02723743e+09  3.67577472e+09  1.36531974e+09
   2.29546517e+09  4.69742641e+09  2.63675130e+09  1.49458918e+09
  -1.49458918e+09  7.91778033e+09 -9.79220204e+09  1.62153932e+10
   5.01796832e+10 -5.01796832e+10]
 [ 0.00000000e+00  0.00000000e+00  0.00000000e+00  0.00000000e+00
   0.00000000e+00  0.00000000e+00  0.00000000e+00  0.00000000e+00
   0.00000000e+00  0.00000000e+00  0.00000000e+00  0.00000000e+00
   0.00000000e+00  0.00000000e+00  0.00000000e+00  0.00000000e+00
   0.00000000e+00  0.00000000e+00  1.00000000e+00  1.00000000e+00
   1.00000000e+00  1.00000000e+00  1.00000000e+00  1.00000000e+00
   1.00000000e+00  1.00000000e+00]]
