0.0
1 2.652582384864922e-11 0.23873241463784298
0.0
2 2.6525823848649207e-11 0.23873241463784287
0.01
3 2.7396208907142187e-11 0.2465658801642797
0.03
4 2.7816584861942112e-11 0.250349263757479
0.06
5 2.8109778588431387e-11 0.2529880072958825
0.1
6 2.8317025533177498e-11 0.2548532297985975
0.16
7 2.8472299966771886e-11 0.256250699700947
0.26
8 2.8592808052706104e-11 0.25733527247435495
0.37
9 2.8689079359747054e-11 0.2582017142377235
0.49
10 2.8767764846744038e-11 0.25890988362069633
0.63
11 2.8833289454755913e-11 0.25949960509280323
0.8
12 2.8888707694126068e-11 0.2599983692471346
1.0
13 2.8936196210159808e-11 0.2604257658914383
1.24
14 2.897734791119467e-11 0.260796131200752
1.52
15 2.9013355388341174e-11 0.26112019849507057
1.86
16 2.904512927493924e-11 0.26140616347445317
2.29
17 2.907337696195598e-11 0.2616603926576038
2.81
18 2.9098656335815432e-11 0.2618879070223389
3.4
19 2.912141331942188e-11 0.26209271987479693
4.15
20 2.914200863904643e-11 0.26227807775141787
5.1
21 2.916073726002435e-11 0.26244663534021917
6.21
22 2.917784273184067e-11 0.26260058458656604
7.74
23 2.919352793329269e-11 0.26274175139963424
9.67
24 2.9207963229712646e-11 0.2628716690674138
12.63
25 2.9221292741743906e-11 0.26299163467569514
15.25
26 2.9233639216481295e-11 0.26310275294833163
18.13
27 2.924510785175602e-11 0.2632059706658042
22.11
28 2.9255789327824786e-11 0.2633021039504231
26.08
29 2.926576223027363e-11 0.2633918600724627
30.11
30 2.927509500364257e-11 0.2634758550327831
34.71
31 2.928384753803346e-11 0.2635546278423011
39.9
32 2.929207246593486e-11 0.26362865219341375
45.79
33 2.929981623085351e-11 0.2636983460776816
52.38
34 2.930711997162197e-11 0.26376407974459776
60.32
35 2.931402026007392e-11 0.2638261823406653
68.43
36 2.932054971766429e-11 0.2638849474589786
77.64
37 2.932673753571083e-11 0.2639406378213975
87.99
38 2.9332609915372274e-11 0.2639934892383505
98.82
39 2.9338190440707776e-11 0.26404371396637
112.18
40 2.9343500398650174e-11 0.26409150358785155
129.27
41 2.934855905195602e-11 0.26413703146760414
144.9
42 2.935338387371782e-11 0.26418045486346037
163.54
43 2.935799075234308e-11 0.26422191677108775
184.23
44 2.936239416569374e-11 0.26426154749124364
208.07
45 2.936660733561423e-11 0.26429946602052806
233.49
46 2.937064236056447e-11 0.2643357812450802
261.46
47 2.93745103329259e-11 0.2643705929963331
291.03
48 2.937822144219646e-11 0.26440399297976813
324.19
49 2.938178506351024e-11 0.26443606557159216
