0.0
1 5.768972799586106e-11 0.5192075519627496
0.0
2 5.768972799586106e-11 0.5192075519627496
0.0
3 5.914424333537711e-11 0.532298190018394
0.01
4 5.980252114623035e-11 0.5382226903160732
0.07
5 6.023991962138117e-11 0.5421592765924305
0.14
6 6.054075290643598e-11 0.5448667761579238
0.27
7 6.076192183510038e-11 0.5468572965159034
0.37
8 6.093125415469374e-11 0.5483812873922437
0.48
9 6.106514851433256e-11 0.549586336628993
0.6
10 6.11737106812955e-11 0.5505633961316595
0.74
11 6.126353537284004e-11 0.5513718183555604
0.95
12 6.133910650969541e-11 0.5520519585872588
1.34
13 6.140358042286092e-11 0.5526322238057483
1.61
14 6.145924373930024e-11 0.5531331936537022
1.9
15 6.150779396406719e-11 0.5535701456766048
2.27
16 6.155051794319137e-11 0.5539546614887223
2.71
17 6.158840911533861e-11 0.5542956820380475
3.22
18 6.16222467300792e-11 0.5546002205707129
3.81
19 6.165265069485548e-11 0.5548738562536993
4.5
20 6.168012037565823e-11 0.555121083380924
5.33
21 6.170506257678083e-11 0.5553455631910275
6.32
22 6.172781206607335e-11 0.5555503085946601
7.49
23 6.174864686556355e-11 0.5557378217900719
8.83
24 6.176779980240279e-11 0.5559101982216251
10.46
