1 7.209089302040554e-11 0.6488180371836498
2 7.209089302040552e-11 0.6488180371836497
3 7.264703134400683e-11 0.6538232820960614
4 7.285938032951435e-11 0.6557344229656291
5 7.299032936259615e-11 0.6569129642633653
6 7.307426757197354e-11 0.6576684081477618
7 7.313258317539461e-11 0.6581932485785514
8 7.317509836376066e-11 0.6585758852738459
9 7.320730715215264e-11 0.6588657643693737
10 7.323244574691964e-11 0.6590920117222767
11 7.325254368048993e-11 0.6592728931244094
12 7.326893261044854e-11 0.6594203934940368
13 7.32825201679612e-11 0.6595426815116509
14 7.329394478353104e-11 0.6596455030517794
15 7.330366769848556e-11 0.65973300928637
16 7.331202987110918e-11 0.6598082688399827
17 7.331928840877442e-11 0.6598735956789699
18 7.332564059713802e-11 0.6599307653742422
19 7.33312401668973e-11 0.6599811615020756
20 7.333620856112876e-11 0.6600258770501588
21 7.334064290030273e-11 0.6600657861027246
22 7.334462171631339e-11 0.6601015954468205
23 7.334820914869642e-11 0.6601338823382678
24 7.335145806115205e-11 0.6601631225503685
25 7.335441238765695e-11 0.6601897114889126
26 7.335710892041753e-11 0.6602139802837578
27 7.335957868811482e-11 0.6602362081930334
28 7.33618480286952e-11 0.6602566322582568
29 7.336393943366666e-11 0.660275454903
30 7.336587221700075e-11 0.6602928499530067
31 7.336766305063203e-11 0.6603089674556882
32 7.336932639625303e-11 0.6603239375662773
33 7.337087485495933e-11 0.6603378736946339
34 7.33723194539612e-11 0.6603508750856507
35 7.337366988166955e-11 0.660363028935026
36 7.337493468254895e-11 0.6603744121429406
37 7.337612141899558e-11 0.6603850927709602
38 7.337723680672611e-11 0.660395131260535
39 7.337828682874396e-11 0.6604045814586956
40 7.337927683100762e-11 0.6604134914790686
41 7.338021160438244e-11 0.660421904439442
42 7.338109545380817e-11 0.6604298590842735
43 7.338193225748536e-11 0.6604373903173683
44 7.33827255179152e-11 0.6604445296612368
45 7.338347840563967e-11 0.660451305650757
46 7.338419379752502e-11 0.6604577441777252
47 7.338487430919889e-11 0.6604638687827901
48 7.338552232335956e-11 0.660469700910236
