1 8.347808415702797e-11
2 8.527473038495275e-11
3 8.708421090455573e-11
4 8.7847767091847e-11
5 8.831847278711421e-11
6 8.862887223744947e-11
7 8.885020751998272e-11
8 8.90159027084494e-11
9 8.914467119340215e-11


1 8.347808415702796e-11
2 8.527473038495277e-11
3 8.708421090455574e-11
4 8.7847767091847e-11
5 8.831847278711453e-11
6 8.862887223744967e-11
7 8.88502075199825e-11
8 8.90159027084494e-11
9 8.914467119340266e-11
10 8.924765299039439e-11
11 8.93319152675911e-11
12 8.940215511504904e-11
13 8.946161713276434e-11
14 8.951261488099983e-11


