2.67219e+10 2.67219e+10
2.67219e+10 2.67219e+10
1 qtotal: 0.00177084
1 Q: 
 0.00177084
-0.00177084

5.34438e+10 1.99906e+10 1.99906e+10 1.34625e+10 5.34437e+10 1.99906e+10 1.99906e+10 1.34625e+10
1.99906e+10 5.34438e+10 1.34625e+10 1.99906e+10 1.99906e+10 5.34437e+10 1.34625e+10 1.99906e+10
1.99906e+10 1.34625e+10 5.34438e+10 1.99906e+10 1.99906e+10 1.34625e+10 5.34437e+10 1.99906e+10
1.34625e+10 1.99906e+10 1.99906e+10 5.34438e+10 1.34625e+10 1.99906e+10 1.99906e+10 5.34437e+10
5.34437e+10 1.99906e+10 1.99906e+10 1.34625e+10 5.34438e+10 1.99906e+10 1.99906e+10 1.34625e+10
1.99906e+10 5.34437e+10 1.34625e+10 1.99906e+10 1.99906e+10 5.34438e+10 1.34625e+10 1.99906e+10
1.99906e+10 1.34625e+10 5.34437e+10 1.99906e+10 1.99906e+10 1.34625e+10 5.34438e+10 1.99906e+10
1.34625e+10 1.99906e+10 1.99906e+10 5.34437e+10 1.34625e+10 1.99906e+10 1.99906e+10 5.34438e+10
2 qtotal: 0.00177084
2 Q: 
 0.000442709
 0.000442709
 0.000442709
 0.000442709
-0.000442709
-0.000442709
-0.000442709
-0.000442709

