number of tiles 6
V =  [ 0.5 -0.5  0.   0.   0.   0. ]
--------before changes---------------------------
pij =  [[2.67218753e+11 2.67162318e+11 2.67204637e+11 2.67176420e+11
  3.05959639e+11 3.05931406e+11]
 [2.67162318e+11 2.67218753e+11 2.67176420e+11 2.67204637e+11
  3.05931406e+11 3.05959639e+11]
 [2.67204637e+11 2.67176420e+11 2.67218753e+11 2.67190527e+11
  3.05973756e+11 3.05945522e+11]
 [2.67176420e+11 2.67204637e+11 2.67190527e+11 2.67218753e+11
  3.05945522e+11 3.05973756e+11]
 [3.05959639e+11 3.05931406e+11 3.05973756e+11 3.05945522e+11
  5.34437505e+11 5.34324636e+11]
 [3.05931406e+11 3.05959639e+11 3.05945522e+11 3.05973756e+11
  5.34324636e+11 5.34437505e+11]]
V =  [ 0.5 -0.5  0.   0.   0.   0. ]
malpha =  [[0.   0.   0.25 0.   1.   0.  ]
 [0.   0.   0.   0.25 0.   1.  ]]
^^^^^^^^^^after changes^^^^^^^
pij =  [[ 5.64347319e+07 -5.64347319e+07  2.82170957e+07 -2.82170957e+07
   2.82323694e+07 -2.82323694e+07]
 [ 1.00000000e+00  1.00000000e+00  0.00000000e+00  0.00000000e+00
   0.00000000e+00  0.00000000e+00]
 [ 2.82170957e+07 -2.82170957e+07  2.82256734e+07 -2.82256734e+07
   2.82337980e+07 -2.82337980e+07]
 [ 0.00000000e+00  0.00000000e+00  1.00000000e+00  1.00000000e+00
   1.00000000e+00  1.00000000e+00]
 [ 0.00000000e+00  0.00000000e+00  2.50000000e-01  0.00000000e+00
   1.00000000e+00  0.00000000e+00]
 [ 0.00000000e+00  0.00000000e+00  0.00000000e+00  2.50000000e-01
   0.00000000e+00  1.00000000e+00]]
V =  [1. 0. 0. 0. 0. 0.]
q: [ 1.77125361e-08 -1.77125361e-08 -2.36118033e-08  2.36118033e-08
  5.90295082e-09 -5.90295082e-09]
q: uf =  1.771253606614605e-08
c = q / v 1.771253606614605e-08
8.85418781276175e-09
