6
[0 1 2 2 2 2]
[0.1 0.1 5.  5.  5.  5. ]
tx
[ 0.   0.2 -2.4  2.6 -2.4  2.6]
ty
[ 0.   0.  -2.5 -2.5  2.5  2.5]
[[0.   0.   0.01 0.01 0.01 0.01]
 [0.   0.   0.01 0.01 0.01 0.01]
 [0.01 0.01 0.   0.   0.   0.  ]
 [0.01 0.01 0.   0.   0.   0.  ]
 [0.01 0.01 0.   0.   0.   0.  ]
 [0.01 0.01 0.   0.   0.   0.  ]]
[[0.  0.2 2.4 2.6 2.4 2.6]
 [0.2 0.  2.6 2.4 2.6 2.4]
 [2.4 2.6 0.  5.  0.  5. ]
 [2.6 2.4 5.  0.  5.  0. ]
 [2.4 2.6 0.  5.  0.  5. ]
 [2.6 2.4 5.  0.  5.  0. ]]
[[0.  0.  2.5 2.5 2.5 2.5]
 [0.  0.  2.5 2.5 2.5 2.5]
 [2.5 2.5 0.  0.  5.  5. ]
 [2.5 2.5 0.  0.  5.  5. ]
 [2.5 2.5 5.  5.  0.  0. ]
 [2.5 2.5 5.  5.  0.  0. ]]
[[0 1 2 2 2 2]
 [1 0 1 1 1 1]
 [2 1 0 0 0 0]
 [2 1 0 0 0 0]
 [2 1 0 0 0 0]
 [2 1 0 0 0 0]]
%%%%%%%%%%%%
----------------
[[2.67218753e+11 4.59018314e+10 3.32544875e+09 2.99978671e+09
  3.32544875e+09 2.99978671e+09]
 [4.59018314e+10 2.67218753e+11 2.99978671e+09 3.32544875e+09
  2.99978671e+09 3.32544875e+09]
 [3.32544875e+09 2.99978671e+09 5.34437505e+09 1.99906284e+09
  1.99906284e+09 1.34624937e+09]
 [2.99978671e+09 3.32544875e+09 1.99906284e+09 5.34437505e+09
  1.34624937e+09 1.99906284e+09]
 [3.32544875e+09 2.99978671e+09 1.99906284e+09 1.34624937e+09
  5.34437505e+09 1.99906284e+09]
 [2.99978671e+09 3.32544875e+09 1.34624937e+09 1.99906284e+09
  1.99906284e+09 5.34437505e+09]]
(6, 6)
6
[[4.59018314e+10 2.67218753e+11 2.99978671e+09 3.32544875e+09
  2.99978671e+09 3.32544875e+09]
 [3.32544875e+09 2.99978671e+09 5.34437505e+09 1.99906284e+09
  1.99906284e+09 1.34624937e+09]
 [2.99978671e+09 3.32544875e+09 1.99906284e+09 5.34437505e+09
  1.34624937e+09 1.99906284e+09]
 [3.32544875e+09 2.99978671e+09 1.99906284e+09 1.34624937e+09
  5.34437505e+09 1.99906284e+09]
 [2.99978671e+09 3.32544875e+09 1.34624937e+09 1.99906284e+09
  1.99906284e+09 5.34437505e+09]]
[[ 2.67218753e+11  4.59018314e+10  3.32544875e+09  2.99978671e+09
   3.32544875e+09  2.99978671e+09]
 [ 4.59018314e+10  2.67218753e+11  2.99978671e+09  3.32544875e+09
   2.99978671e+09  3.32544875e+09]
 [ 3.25662041e+08 -3.25662041e+08  3.34531221e+09 -3.34531221e+09
   6.52813469e+08 -6.52813469e+08]
 [-3.25662041e+08  3.25662041e+08  4.76837158e-07  3.99812568e+09
  -3.99812568e+09 -4.76837158e-07]
 [ 3.25662041e+08 -3.25662041e+08  6.52813469e+08 -6.52813469e+08
   3.34531221e+09 -3.34531221e+09]
 [ 2.99978671e+09  3.32544875e+09  1.34624937e+09  1.99906284e+09
   1.99906284e+09  5.34437505e+09]]
