[0 1 2 3 4 5 6 7 8 9]
[0 1 1 1 1 1 1 1 1 1]
[0 1 1 1 1 1 1 1 1 1]
[ 0. -1. -1. -1.  0.  0.  0.  1.  1.  1.]
[ 0. -1.  0.  1. -1.  0.  1. -1.  0.  1.]
[1. 0. 0. 0. 0. 0. 0. 0. 0. 0.]
[0 0 0 0 0 0 0 0 0 0]
[[0. 1. 1. 1. 1. 1. 1. 1. 1. 1.]
 [1. 0. 0. 0. 0. 0. 0. 0. 0. 0.]
 [1. 0. 0. 0. 0. 0. 0. 0. 0. 0.]
 [1. 0. 0. 0. 0. 0. 0. 0. 0. 0.]
 [1. 0. 0. 0. 0. 0. 0. 0. 0. 0.]
 [1. 0. 0. 0. 0. 0. 0. 0. 0. 0.]
 [1. 0. 0. 0. 0. 0. 0. 0. 0. 0.]
 [1. 0. 0. 0. 0. 0. 0. 0. 0. 0.]
 [1. 0. 0. 0. 0. 0. 0. 0. 0. 0.]
 [1. 0. 0. 0. 0. 0. 0. 0. 0. 0.]]
[[0. 1. 1. 1. 0. 0. 0. 1. 1. 1.]
 [1. 0. 0. 0. 1. 1. 1. 2. 2. 2.]
 [1. 0. 0. 0. 1. 1. 1. 2. 2. 2.]
 [1. 0. 0. 0. 1. 1. 1. 2. 2. 2.]
 [0. 1. 1. 1. 0. 0. 0. 1. 1. 1.]
 [0. 1. 1. 1. 0. 0. 0. 1. 1. 1.]
 [0. 1. 1. 1. 0. 0. 0. 1. 1. 1.]
 [1. 2. 2. 2. 1. 1. 1. 0. 0. 0.]
 [1. 2. 2. 2. 1. 1. 1. 0. 0. 0.]
 [1. 2. 2. 2. 1. 1. 1. 0. 0. 0.]]
[[0. 1. 0. 1. 1. 0. 1. 1. 0. 1.]
 [1. 0. 1. 2. 0. 1. 2. 0. 1. 2.]
 [0. 1. 0. 1. 1. 0. 1. 1. 0. 1.]
 [1. 2. 1. 0. 2. 1. 0. 2. 1. 0.]
 [1. 0. 1. 2. 0. 1. 2. 0. 1. 2.]
 [0. 1. 0. 1. 1. 0. 1. 1. 0. 1.]
 [1. 2. 1. 0. 2. 1. 0. 2. 1. 0.]
 [1. 0. 1. 2. 0. 1. 2. 0. 1. 2.]
 [0. 1. 0. 1. 1. 0. 1. 1. 0. 1.]
 [1. 2. 1. 0. 2. 1. 0. 2. 1. 0.]]
[[0 1 1 1 1 1 1 1 1 1]
 [1 0 0 0 0 0 0 0 0 0]
 [1 0 0 0 0 0 0 0 0 0]
 [1 0 0 0 0 0 0 0 0 0]
 [1 0 0 0 0 0 0 0 0 0]
 [1 0 0 0 0 0 0 0 0 0]
 [1 0 0 0 0 0 0 0 0 0]
 [1 0 0 0 0 0 0 0 0 0]
 [1 0 0 0 0 0 0 0 0 0]
 [1 0 0 0 0 0 0 0 0 0]]
%%%%%%%%%%%%
----------------
[[2.67588864e+11 5.19464415e+09 6.28538555e+09 5.19464415e+09
  6.28538555e+09 8.35248550e+09 6.28538555e+09 5.19464415e+09
  6.28538555e+09 5.19464415e+09]
 [5.19464415e+09 2.67588864e+10 1.00091582e+10 4.59654077e+09
  1.00091582e+10 6.74056997e+09 4.09765435e+09 4.59654077e+09
  4.09765435e+09 3.21751990e+09]
 [6.28538555e+09 1.00091582e+10 2.67588864e+10 1.00091582e+10
  6.74056997e+09 1.00091582e+10 6.74056997e+09 4.09765435e+09
  4.59654077e+09 4.09765435e+09]
 [5.19464415e+09 4.59654077e+09 1.00091582e+10 2.67588864e+10
  4.09765435e+09 6.74056997e+09 1.00091582e+10 3.21751990e+09
  4.09765435e+09 4.59654077e+09]
 [6.28538555e+09 1.00091582e+10 6.74056997e+09 4.09765435e+09
  2.67588864e+10 1.00091582e+10 4.59654077e+09 1.00091582e+10
  6.74056997e+09 4.09765435e+09]
 [8.35248550e+09 6.74056997e+09 1.00091582e+10 6.74056997e+09
  1.00091582e+10 2.67588864e+10 1.00091582e+10 6.74056997e+09
  1.00091582e+10 6.74056997e+09]
 [6.28538555e+09 4.09765435e+09 6.74056997e+09 1.00091582e+10
  4.59654077e+09 1.00091582e+10 2.67588864e+10 4.09765435e+09
  6.74056997e+09 1.00091582e+10]
 [5.19464415e+09 4.59654077e+09 4.09765435e+09 3.21751990e+09
  1.00091582e+10 6.74056997e+09 4.09765435e+09 2.67588864e+10
  1.00091582e+10 4.59654077e+09]
 [6.28538555e+09 4.09765435e+09 4.59654077e+09 4.09765435e+09
  6.74056997e+09 1.00091582e+10 6.74056997e+09 1.00091582e+10
  2.67588864e+10 1.00091582e+10]
 [5.19464415e+09 3.21751990e+09 4.09765435e+09 4.59654077e+09
  4.09765435e+09 6.74056997e+09 1.00091582e+10 4.59654077e+09
  1.00091582e+10 2.67588864e+10]]
